1,3213
2,qwe
3,中文
4,》：》：&*（&*(&
